100 300
1 2
1 14
1 85
2 3
2 77
2 26
3 4
3 50
3 45
4 5
4 66
4 79
5 6
5 10
5 3
6 7
6 84
6 44
7 8
7 77
7 1
8 9
8 45
8 73
9 10
9 23
9 95
10 11
10 91
10 4
11 12
11 3
11 55
12 13
12 94
12 39
13 14
13 22
13 43
14 15
14 3
14 23
15 16
15 44
15 50
16 17
16 24
16 24
17 18
17 22
17 46
18 19
18 29
18 3
19 20
19 84
19 56
20 21
20 65
20 19
21 22
21 100
21 86
22 23
22 13
22 34
23 24
23 73
23 72
24 25
24 94
24 43
25 26
25 84
25 68
26 27
26 31
26 59
27 28
27 89
27 85
28 29
28 51
28 59
29 30
29 4
29 25
30 31
30 80
30 42
31 32
31 18
31 55
32 33
32 71
32 68
33 34
33 38
33 44
34 35
34 51
34 78
35 36
35 53
35 40
36 37
36 49
36 3
37 38
37 5
37 71
38 39
38 99
38 60
39 40
39 40
39 18
40 41
40 51
40 99
41 42
41 78
41 54
42 43
42 87
42 24
43 44
43 52
43 96
44 45
44 58
44 46
45 46
45 27
45 55
46 47
46 96
46 1
47 48
47 79
47 83
48 49
48 89
48 75
49 50
49 81
49 52
50 51
50 57
50 43
51 52
51 6
51 88
52 53
52 57
52 20
53 54
53 51
53 36
54 55
54 54
54 63
55 56
55 62
55 46
56 57
56 3
56 23
57 58
57 18
57 59
58 59
58 87
58 80
59 60
59 82
59 26
60 61
60 85
60 68
61 62
61 9
61 2
62 63
62 76
62 25
63 64
63 11
63 63
64 65
64 35
64 7
65 66
65 16
65 53
66 67
66 17
66 28
67 68
67 72
67 46
68 69
68 33
68 48
69 70
69 3
69 39
70 71
70 43
70 19
71 72
71 11
71 90
72 73
72 52
72 21
73 74
73 61
73 82
74 75
74 3
74 2
75 76
75 15
75 72
76 77
76 17
76 71
77 78
77 68
77 55
78 79
78 23
78 98
79 80
79 80
79 52
80 81
80 23
80 65
81 82
81 40
81 33
82 83
82 64
82 6
83 84
83 30
83 97
84 85
84 88
84 31
85 86
85 86
85 32
86 87
86 94
86 75
87 88
87 42
87 26
88 89
88 1
88 88
89 90
89 4
89 82
90 91
90 97
90 58
91 92
91 18
91 87
92 93
92 98
92 71
93 94
93 51
93 38
94 95
94 35
94 21
95 96
95 68
95 44
96 97
96 20
96 11
97 98
97 67
97 30
98 99
98 50
98 33
99 100
99 88
99 90
100 1
100 2
100 21
